Lattice="15.03997016 0.0 0.0 0.0 13.56003732 0.0 0.0 0.0 14.63456947" Properties=species:S:1:pos:R:3:GW_charged:R:1:dKS_charged:R:1:dKS_neutral:R:1 pbc="T T T"
 OpenBabel02042512123D
Lattice="15.03997016 0.0 0.0 0.0 13.56003732 0.0 0.0 0.0 14.63456947" Properties=species:S:1:pos:R:3:GW_charged:R:1:dKS_charged:R:1:dKS_neutral:R:1 pbc="T T T"
 27 26  0  0  0  0  0  0  0  0999 V2000
    8.8374    8.5744    7.8708 C   0  0  0  0  0  0  0  0  0  0  0  0
    8.7720    7.0426    7.9723 C   0  0  0  0  0  0  0  0  0  0  0  0
    9.5484    6.5801    9.2141 C   0  0  0  0  0  0  0  0  0  0  0  0
    7.3072    6.4837    7.9399 C   0  0  0  0  0  0  0  0  0  0  0  0
    7.3106    4.9573    8.0549 C   0  0  0  0  0  0  0  0  0  0  0  0
    6.5900    6.9312    9.1150 O   0  0  0  0  0  0  0  0  0  0  0  0
    6.5280    6.9680    6.6709 C   0  0  0  0  0  0  0  0  0  0  0  0
    7.2279    6.6502    5.3418 C   0  0  0  0  0  0  0  0  0  0  0  0
    5.0767    6.4657    6.6356 C   0  0  0  0  0  0  0  0  0  0  0  0
    9.8831    8.9090    7.9010 H   0  0  0  0  0  0  0  0  0  0  0  0
    8.3971    8.9671    6.9455 H   0  0  0  0  0  0  0  0  0  0  0  0
    8.3310    9.0600    8.7204 H   0  0  0  0  0  0  0  0  0  0  0  0
    9.2842    6.6288    7.0884 H   0  0  0  0  0  0  0  0  0  0  0  0
    9.0173    6.8588   10.1346 H   0  0  0  0  0  0  0  0  0  0  0  0
    9.7053    5.4947    9.2306 H   0  0  0  0  0  0  0  0  0  0  0  0
   10.5400    7.0526    9.2384 H   0  0  0  0  0  0  0  0  0  0  0  0
    7.6878    4.6520    9.0368 H   0  0  0  0  0  0  0  0  0  0  0  0
    6.2963    4.5550    7.9551 H   0  0  0  0  0  0  0  0  0  0  0  0
    7.9446    4.5000    7.2842 H   0  0  0  0  0  0  0  0  0  0  0  0
    6.5009    7.8961    9.0544 H   0  0  0  0  0  0  0  0  0  0  0  0
    6.4771    8.0678    6.7598 H   0  0  0  0  0  0  0  0  0  0  0  0
    7.3592    5.5667    5.2070 H   0  0  0  0  0  0  0  0  0  0  0  0
    6.6193    7.0088    4.5000 H   0  0  0  0  0  0  0  0  0  0  0  0
    8.2154    7.1208    5.2543 H   0  0  0  0  0  0  0  0  0  0  0  0
    4.5854    6.5829    7.6092 H   0  0  0  0  0  0  0  0  0  0  0  0
    4.5000    7.0320    5.8913 H   0  0  0  0  0  0  0  0  0  0  0  0
    5.0186    5.4060    6.3495 H   0  0  0  0  0  0  0  0  0  0  0  0
  1 10  1  0  0  0  0
  1  2  1  0  0  0  0
  1 12  1  0  0  0  0
  2  3  1  0  0  0  0
  3 15  1  0  0  0  0
  3 16  1  0  0  0  0
  3 14  1  0  0  0  0
  4  2  1  0  0  0  0
  4  5  1  0  0  0  0
  4  6  1  0  0  0  0
  5 17  1  0  0  0  0
  7 21  1  0  0  0  0
  7  4  1  0  0  0  0
  8  7  1  0  0  0  0
  9  7  1  0  0  0  0
  9 25  1  0  0  0  0
 11  1  1  0  0  0  0
 13  2  1  0  0  0  0
 18  5  1  0  0  0  0
 19  5  1  0  0  0  0
 20  6  1  0  0  0  0
 22  8  1  0  0  0  0
 23  8  1  0  0  0  0
 24  8  1  0  0  0  0
 26  9  1  0  0  0  0
 27  9  1  0  0  0  0
M  END
