Lattice="12.97652924 0.0 0.0 0.0 13.58881184 0.0 0.0 0.0 15.813526679999999" Properties=species:S:1:pos:R:3:GW_charged:R:1:dKS_charged:R:1:dKS_neutral:R:1 pbc="T T T"
 OpenBabel02042512123D
Lattice="12.97652924 0.0 0.0 0.0 13.58881184 0.0 0.0 0.0 15.813526679999999" Properties=species:S:1:pos:R:3:GW_charged:R:1:dKS_charged:R:1:dKS_neutral:R:1 pbc="T T T"
 25 24  0  0  0  0  0  0  0  0999 V2000
    5.5397    8.5507    6.4523 C   0  0  0  0  0  0  0  0  0  0  0  0
    5.5374    7.0251    6.6319 C   0  0  0  0  0  0  0  0  0  0  0  0
    5.9086    6.3589    5.2978 C   0  0  0  0  0  0  0  0  0  0  0  0
    6.3902    6.5239    7.8522 C   0  0  0  0  0  0  0  0  0  0  0  0
    6.3052    4.9879    7.9502 C   0  0  0  0  0  0  0  0  0  0  0  0
    7.8669    6.9452    7.7270 C   0  0  0  0  0  0  0  0  0  0  0  0
    5.7604    7.1268    9.1465 C   0  0  0  0  0  0  0  0  0  0  0  0
    6.3256    6.5988   10.4386 C   0  0  0  0  0  0  0  0  0  0  0  0
    5.6687    6.0706   11.3135 O   0  0  0  0  0  0  0  0  0  0  0  0
    6.5338    8.9246    6.1681 H   0  0  0  0  0  0  0  0  0  0  0  0
    4.8468    8.8349    5.6486 H   0  0  0  0  0  0  0  0  0  0  0  0
    5.2226    9.0888    7.3547 H   0  0  0  0  0  0  0  0  0  0  0  0
    4.5000    6.7241    6.8637 H   0  0  0  0  0  0  0  0  0  0  0  0
    6.9416    6.5873    4.9980 H   0  0  0  0  0  0  0  0  0  0  0  0
    5.7974    5.2684    5.3231 H   0  0  0  0  0  0  0  0  0  0  0  0
    5.2532    6.7342    4.5000 H   0  0  0  0  0  0  0  0  0  0  0  0
    6.7962    4.5000    7.0992 H   0  0  0  0  0  0  0  0  0  0  0  0
    6.7985    4.6203    8.8609 H   0  0  0  0  0  0  0  0  0  0  0  0
    5.2605    4.6462    7.9837 H   0  0  0  0  0  0  0  0  0  0  0  0
    7.9903    8.0355    7.7727 H   0  0  0  0  0  0  0  0  0  0  0  0
    8.4765    6.5103    8.5303 H   0  0  0  0  0  0  0  0  0  0  0  0
    8.2982    6.5975    6.7787 H   0  0  0  0  0  0  0  0  0  0  0  0
    5.9309    8.2171    9.1571 H   0  0  0  0  0  0  0  0  0  0  0  0
    4.6745    6.9536    9.1595 H   0  0  0  0  0  0  0  0  0  0  0  0
    7.4298    6.7324   10.5774 H   0  0  0  0  0  0  0  0  0  0  0  0
  1  2  1  0  0  0  0
  1 12  1  0  0  0  0
  2 13  1  0  0  0  0
  2  4  1  0  0  0  0
  3 15  1  0  0  0  0
  3  2  1  0  0  0  0
  4  5  1  0  0  0  0
  4  7  1  0  0  0  0
  5 19  1  0  0  0  0
  5 18  1  0  0  0  0
  6 20  1  0  0  0  0
  6  4  1  0  0  0  0
  6 21  1  0  0  0  0
  7 23  1  0  0  0  0
  7 24  1  0  0  0  0
  7  8  1  0  0  0  0
  8 25  1  0  0  0  0
  8  9  2  0  0  0  0
 10  1  1  0  0  0  0
 11  1  1  0  0  0  0
 14  3  1  0  0  0  0
 16  3  1  0  0  0  0
 17  5  1  0  0  0  0
 22  6  1  0  0  0  0
M  END
