Lattice="14.340594209999999 0.0 0.0 0.0 14.8498326 0.0 0.0 0.0 13.35076782" Properties=species:S:1:pos:R:3:GW_charged:R:1:dKS_charged:R:1:dKS_neutral:R:1 pbc="T T T"
 OpenBabel02042512123D
Lattice="14.340594209999999 0.0 0.0 0.0 14.8498326 0.0 0.0 0.0 13.35076782" Properties=species:S:1:pos:R:3:GW_charged:R:1:dKS_charged:R:1:dKS_neutral:R:1 pbc="T T T"
 29 28  0  0  0  0  0  0  0  0999 V2000
    8.0599    9.8937    6.6994 C   0  0  0  0  0  0  0  0  0  0  0  0
    7.9617    8.3589    6.7067 C   0  0  0  0  0  0  0  0  0  0  0  0
    8.8231    7.8114    7.8554 C   0  0  0  0  0  0  0  0  0  0  0  0
    6.4870    7.8084    6.6840 C   0  0  0  0  0  0  0  0  0  0  0  0
    5.7227    8.2649    7.9436 C   0  0  0  0  0  0  0  0  0  0  0  0
    5.7640    8.3735    5.4444 C   0  0  0  0  0  0  0  0  0  0  0  0
    6.5018    6.2348    6.6416 C   0  0  0  0  0  0  0  0  0  0  0  0
    5.1047    5.5923    6.6653 C   0  0  0  0  0  0  0  0  0  0  0  0
    7.3015    5.6416    5.4712 C   0  0  0  0  0  0  0  0  0  0  0  0
    9.1125   10.1968    6.6116 H   0  0  0  0  0  0  0  0  0  0  0  0
    7.5203   10.3498    5.8606 H   0  0  0  0  0  0  0  0  0  0  0  0
    7.6760   10.3378    7.6290 H   0  0  0  0  0  0  0  0  0  0  0  0
    8.4217    8.0213    5.7633 H   0  0  0  0  0  0  0  0  0  0  0  0
    8.4215    8.1007    8.8374 H   0  0  0  0  0  0  0  0  0  0  0  0
    8.9136    6.7180    7.8412 H   0  0  0  0  0  0  0  0  0  0  0  0
    9.8406    8.2215    7.7902 H   0  0  0  0  0  0  0  0  0  0  0  0
    5.8183    9.3475    8.0981 H   0  0  0  0  0  0  0  0  0  0  0  0
    4.6496    8.0520    7.8582 H   0  0  0  0  0  0  0  0  0  0  0  0
    6.0876    7.7627    8.8508 H   0  0  0  0  0  0  0  0  0  0  0  0
    6.3470    8.2244    4.5245 H   0  0  0  0  0  0  0  0  0  0  0  0
    4.7850    7.8978    5.3018 H   0  0  0  0  0  0  0  0  0  0  0  0
    5.5795    9.4505    5.5465 H   0  0  0  0  0  0  0  0  0  0  0  0
    6.9984    5.9149    7.5725 H   0  0  0  0  0  0  0  0  0  0  0  0
    4.5365    5.8023    5.7479 H   0  0  0  0  0  0  0  0  0  0  0  0
    5.2009    4.5000    6.7385 H   0  0  0  0  0  0  0  0  0  0  0  0
    4.5000    5.9221    7.5188 H   0  0  0  0  0  0  0  0  0  0  0  0
    6.8705    5.9252    4.5000 H   0  0  0  0  0  0  0  0  0  0  0  0
    8.3548    5.9490    5.4710 H   0  0  0  0  0  0  0  0  0  0  0  0
    7.2844    4.5440    5.5228 H   0  0  0  0  0  0  0  0  0  0  0  0
  1  2  1  0  0  0  0
  1 12  1  0  0  0  0
  2  3  1  0  0  0  0
  3 14  1  0  0  0  0
  4  2  1  0  0  0  0
  4  5  1  0  0  0  0
  5 17  1  0  0  0  0
  5 19  1  0  0  0  0
  6 22  1  0  0  0  0
  6  4  1  0  0  0  0
  7  8  1  0  0  0  0
  7  4  1  0  0  0  0
  7 23  1  0  0  0  0
  8 25  1  0  0  0  0
  8 26  1  0  0  0  0
  9 29  1  0  0  0  0
  9  7  1  0  0  0  0
 10  1  1  0  0  0  0
 11  1  1  0  0  0  0
 13  2  1  0  0  0  0
 15  3  1  0  0  0  0
 16  3  1  0  0  0  0
 18  5  1  0  0  0  0
 20  6  1  0  0  0  0
 21  6  1  0  0  0  0
 24  8  1  0  0  0  0
 27  9  1  0  0  0  0
 28  9  1  0  0  0  0
M  END
