Lattice="14.372761109999999 0.0 0.0 0.0 14.7864922 0.0 0.0 0.0 13.10048544" Properties=species:S:1:pos:R:3:GW_charged:R:1:dKS_charged:R:1:dKS_neutral:R:1 pbc="T T T"
 OpenBabel02042512123D
Lattice="14.372761109999999 0.0 0.0 0.0 14.7864922 0.0 0.0 0.0 13.10048544" Properties=species:S:1:pos:R:3:GW_charged:R:1:dKS_charged:R:1:dKS_neutral:R:1 pbc="T T T"
 25 24  0  0  1  0  0  0  0  0999 V2000
    8.1028    9.7970    6.3448 C   0  0  0  0  0  0  0  0  0  0  0  0
    8.0265    8.2676    6.4477 C   0  0  0  0  0  0  0  0  0  0  0  0
    8.8546    7.7721    7.6418 C   0  0  0  0  0  0  0  0  0  0  0  0
    6.5474    7.7495    6.4259 C   0  0  1  0  0  0  0  0  0  0  0  0
    5.7206    8.2803    7.5956 C   0  0  0  0  0  0  0  0  0  0  0  0
    5.9042    8.2316    5.2315 O   0  0  0  0  0  0  0  0  0  0  0  0
    6.5202    6.1944    6.3864 C   0  0  1  0  0  0  0  0  0  0  0  0
    5.1218    5.5870    6.3850 C   0  0  0  0  0  0  0  0  0  0  0  0
    7.2338    5.8323    5.1825 O   0  0  0  0  0  0  0  0  0  0  0  0
    9.1308   10.1085    6.1136 H   0  0  0  0  0  0  0  0  0  0  0  0
    7.4443   10.1774    5.5549 H   0  0  0  0  0  0  0  0  0  0  0  0
    7.8235   10.2865    7.2895 H   0  0  0  0  0  0  0  0  0  0  0  0
    8.4854    7.8519    5.5363 H   0  0  0  0  0  0  0  0  0  0  0  0
    8.4276    8.1017    8.6005 H   0  0  0  0  0  0  0  0  0  0  0  0
    8.9491    6.6789    7.6685 H   0  0  0  0  0  0  0  0  0  0  0  0
    9.8728    8.1818    7.5855 H   0  0  0  0  0  0  0  0  0  0  0  0
    5.8147    9.3696    7.6703 H   0  0  0  0  0  0  0  0  0  0  0  0
    4.6594    8.0508    7.4466 H   0  0  0  0  0  0  0  0  0  0  0  0
    6.0425    7.8413    8.5491 H   0  0  0  0  0  0  0  0  0  0  0  0
    6.3193    7.7396    4.5000 H   0  0  0  0  0  0  0  0  0  0  0  0
    7.0751    5.8113    7.2609 H   0  0  0  0  0  0  0  0  0  0  0  0
    4.5000    6.0291    5.5959 H   0  0  0  0  0  0  0  0  0  0  0  0
    5.1829    4.5000    6.2208 H   0  0  0  0  0  0  0  0  0  0  0  0
    4.6200    5.7331    7.3499 H   0  0  0  0  0  0  0  0  0  0  0  0
    6.9737    4.9309    4.9418 H   0  0  0  0  0  0  0  0  0  0  0  0
  1  2  1  0  0  0  0
  1 12  1  0  0  0  0
  2  3  1  0  0  0  0
  3 15  1  0  0  0  0
  3 14  1  0  0  0  0
  4  6  1  6  0  0  0
  4  2  1  0  0  0  0
  4  5  1  0  0  0  0
  5 17  1  0  0  0  0
  5 19  1  0  0  0  0
  7  4  1  0  0  0  0
  7 21  1  1  0  0  0
  8  7  1  0  0  0  0
  8 24  1  0  0  0  0
  9  7  1  0  0  0  0
 10  1  1  0  0  0  0
 11  1  1  0  0  0  0
 13  2  1  0  0  0  0
 16  3  1  0  0  0  0
 18  5  1  0  0  0  0
 20  6  1  0  0  0  0
 22  8  1  0  0  0  0
 23  8  1  0  0  0  0
 25  9  1  0  0  0  0
M  END
