Lattice="13.093050250000001 0.0 0.0 0.0 15.30959154 0.0 0.0 0.0 13.255453509999999" Properties=species:S:1:pos:R:3:GW_charged:R:1:dKS_charged:R:1:dKS_neutral:R:1 pbc="T T T"
 OpenBabel02042512123D
Lattice="13.093050250000001 0.0 0.0 0.0 15.30959154 0.0 0.0 0.0 13.255453509999999" Properties=species:S:1:pos:R:3:GW_charged:R:1:dKS_charged:R:1:dKS_neutral:R:1 pbc="T T T"
 25 24  0  0  1  0  0  0  0  0999 V2000
    7.1309   10.1485    7.2977 C   0  0  0  0  0  0  0  0  0  0  0  0
    7.5533    8.7253    6.9406 C   0  0  1  0  0  0  0  0  0  0  0  0
    8.5533    8.2522    7.8545 O   0  0  0  0  0  0  0  0  0  0  0  0
    6.3224    7.7876    6.8007 C   0  0  1  0  0  0  0  0  0  0  0  0
    5.4867    8.3344    5.7646 O   0  0  0  0  0  0  0  0  0  0  0  0
    6.5904    6.2606    6.5861 C   0  0  0  0  0  0  0  0  0  0  0  0
    7.1193    5.6055    7.8774 C   0  0  0  0  0  0  0  0  0  0  0  0
    5.2475    5.5866    6.2391 C   0  0  0  0  0  0  0  0  0  0  0  0
    7.5935    6.0224    5.4428 C   0  0  0  0  0  0  0  0  0  0  0  0
    8.0065   10.8096    7.3155 H   0  0  0  0  0  0  0  0  0  0  0  0
    6.3994   10.5405    6.5818 H   0  0  0  0  0  0  0  0  0  0  0  0
    6.6619   10.1691    8.2951 H   0  0  0  0  0  0  0  0  0  0  0  0
    8.0693    8.7386    5.9651 H   0  0  0  0  0  0  0  0  0  0  0  0
    8.2296    8.4131    8.7555 H   0  0  0  0  0  0  0  0  0  0  0  0
    5.7075    7.8823    7.7137 H   0  0  0  0  0  0  0  0  0  0  0  0
    5.9761    8.2711    4.9278 H   0  0  0  0  0  0  0  0  0  0  0  0
    6.4601    5.8271    8.7306 H   0  0  0  0  0  0  0  0  0  0  0  0
    7.1401    4.5124    7.7576 H   0  0  0  0  0  0  0  0  0  0  0  0
    8.1299    5.9435    8.1267 H   0  0  0  0  0  0  0  0  0  0  0  0
    4.8270    5.9575    5.2971 H   0  0  0  0  0  0  0  0  0  0  0  0
    5.3880    4.5000    6.1512 H   0  0  0  0  0  0  0  0  0  0  0  0
    4.5000    5.7655    7.0259 H   0  0  0  0  0  0  0  0  0  0  0  0
    8.5931    6.4032    5.6905 H   0  0  0  0  0  0  0  0  0  0  0  0
    7.6888    4.9465    5.2397 H   0  0  0  0  0  0  0  0  0  0  0  0
    7.2692    6.4915    4.5000 H   0  0  0  0  0  0  0  0  0  0  0  0
  1 10  1  0  0  0  0
  1 12  1  0  0  0  0
  2 13  1  6  0  0  0
  2  1  1  0  0  0  0
  2  3  1  0  0  0  0
  3 14  1  0  0  0  0
  4  2  1  0  0  0  0
  4 15  1  1  0  0  0
  5  4  1  0  0  0  0
  6  4  1  0  0  0  0
  6  7  1  0  0  0  0
  7 19  1  0  0  0  0
  7 17  1  0  0  0  0
  8  6  1  0  0  0  0
  8 22  1  0  0  0  0
  9 23  1  0  0  0  0
  9  6  1  0  0  0  0
 11  1  1  0  0  0  0
 16  5  1  0  0  0  0
 18  7  1  0  0  0  0
 20  8  1  0  0  0  0
 21  8  1  0  0  0  0
 24  9  1  0  0  0  0
 25  9  1  0  0  0  0
M  END
