Lattice="15.31509915 0.0 0.0 0.0 13.50704814 0.0 0.0 0.0 14.37857323" Properties=species:S:1:pos:R:3:GW_charged:R:1:dKS_charged:R:1:dKS_neutral:R:1 pbc="T T T"
 OpenBabel02042512123D
Lattice="15.31509915 0.0 0.0 0.0 13.50704814 0.0 0.0 0.0 14.37857323" Properties=species:S:1:pos:R:3:GW_charged:R:1:dKS_charged:R:1:dKS_neutral:R:1 pbc="T T T"
 25 24  0  0  0  0  0  0  0  0999 V2000
    6.5147    8.5118    8.7879 C   0  0  0  0  0  0  0  0  0  0  0  0
    6.5979    6.9799    8.6963 C   0  0  0  0  0  0  0  0  0  0  0  0
    5.2019    6.3883    8.9461 C   0  0  0  0  0  0  0  0  0  0  0  0
    7.2808    6.4468    7.3883 C   0  0  0  0  0  0  0  0  0  0  0  0
    7.2741    4.9077    7.3793 C   0  0  0  0  0  0  0  0  0  0  0  0
    6.5915    6.9660    6.1155 C   0  0  0  0  0  0  0  0  0  0  0  0
    8.7690    6.9259    7.4019 C   0  0  0  0  0  0  0  0  0  0  0  0
    9.5698    6.4719    6.2748 C   0  0  0  0  0  0  0  0  0  0  0  0
   10.2271    6.0945    5.3299 C   0  0  0  0  0  0  0  0  0  0  0  0
    7.4854    9.0070    8.6572 H   0  0  0  0  0  0  0  0  0  0  0  0
    5.8247    8.9241    8.0382 H   0  0  0  0  0  0  0  0  0  0  0  0
    6.1338    8.8076    9.7751 H   0  0  0  0  0  0  0  0  0  0  0  0
    7.2453    6.6362    9.5241 H   0  0  0  0  0  0  0  0  0  0  0  0
    4.5000    6.6472    8.1400 H   0  0  0  0  0  0  0  0  0  0  0  0
    5.2168    5.2962    9.0422 H   0  0  0  0  0  0  0  0  0  0  0  0
    4.7848    6.7932    9.8786 H   0  0  0  0  0  0  0  0  0  0  0  0
    6.2621    4.5082    7.2388 H   0  0  0  0  0  0  0  0  0  0  0  0
    7.8971    4.5272    6.5593 H   0  0  0  0  0  0  0  0  0  0  0  0
    7.6726    4.5000    8.3207 H   0  0  0  0  0  0  0  0  0  0  0  0
    6.6460    8.0600    6.0341 H   0  0  0  0  0  0  0  0  0  0  0  0
    7.0740    6.5459    5.2232 H   0  0  0  0  0  0  0  0  0  0  0  0
    5.5324    6.6766    6.0878 H   0  0  0  0  0  0  0  0  0  0  0  0
    8.8046    8.0256    7.4250 H   0  0  0  0  0  0  0  0  0  0  0  0
    9.2419    6.5825    8.3378 H   0  0  0  0  0  0  0  0  0  0  0  0
   10.8151    5.7648    4.5000 H   0  0  0  0  0  0  0  0  0  0  0  0
  1 12  1  0  0  0  0
  2  1  1  0  0  0  0
  2  3  1  0  0  0  0
  2 13  1  0  0  0  0
  3 15  1  0  0  0  0
  3 16  1  0  0  0  0
  4  7  1  0  0  0  0
  4  2  1  0  0  0  0
  5  4  1  0  0  0  0
  5 19  1  0  0  0  0
  6  4  1  0  0  0  0
  7 23  1  0  0  0  0
  7 24  1  0  0  0  0
  8  7  1  0  0  0  0
  9  8  3  0  0  0  0
 10  1  1  0  0  0  0
 11  1  1  0  0  0  0
 14  3  1  0  0  0  0
 17  5  1  0  0  0  0
 18  5  1  0  0  0  0
 20  6  1  0  0  0  0
 21  6  1  0  0  0  0
 22  6  1  0  0  0  0
 25  9  1  0  0  0  0
M  END
