Lattice="14.70707376 0.0 0.0 0.0 15.06635147 0.0 0.0 0.0 13.304453930000001" Properties=species:S:1:pos:R:3:GW_charged:R:1:dKS_charged:R:1:dKS_neutral:R:1 pbc="T T T"
 OpenBabel02042512123D
Lattice="14.70707376 0.0 0.0 0.0 15.06635147 0.0 0.0 0.0 13.304453930000001" Properties=species:S:1:pos:R:3:GW_charged:R:1:dKS_charged:R:1:dKS_neutral:R:1 pbc="T T T"
 25 24  0  0  1  0  0  0  0  0999 V2000
    8.4488    9.9481    6.0172 C   0  0  0  0  0  0  0  0  0  0  0  0
    8.3651    8.4565    6.3805 C   0  0  0  0  0  0  0  0  0  0  0  0
    9.1914    8.1944    7.6473 C   0  0  0  0  0  0  0  0  0  0  0  0
    6.8836    8.0155    6.4583 C   0  0  1  0  0  0  0  0  0  0  0  0
    6.2117    8.3305    5.2252 O   0  0  0  0  0  0  0  0  0  0  0  0
    6.5801    6.5319    6.8656 C   0  0  0  0  0  0  0  0  0  0  0  0
    5.0745    6.2646    6.7426 C   0  0  0  0  0  0  0  0  0  0  0  0
    7.3752    5.5197    6.0408 C   0  0  0  0  0  0  0  0  0  0  0  0
    6.9824    6.3083    8.2353 O   0  0  0  0  0  0  0  0  0  0  0  0
    9.4951   10.2480    5.8678 H   0  0  0  0  0  0  0  0  0  0  0  0
    7.8873   10.1877    5.1069 H   0  0  0  0  0  0  0  0  0  0  0  0
    8.0410   10.5664    6.8317 H   0  0  0  0  0  0  0  0  0  0  0  0
    8.8243    7.8824    5.5527 H   0  0  0  0  0  0  0  0  0  0  0  0
    9.2649    7.1331    7.9021 H   0  0  0  0  0  0  0  0  0  0  0  0
   10.2071    8.5931    7.5124 H   0  0  0  0  0  0  0  0  0  0  0  0
    8.7499    8.7060    8.5155 H   0  0  0  0  0  0  0  0  0  0  0  0
    6.3763    8.6491    7.2098 H   0  0  0  0  0  0  0  0  0  0  0  0
    6.7475    7.9703    4.5000 H   0  0  0  0  0  0  0  0  0  0  0  0
    4.7279    6.3401    5.7061 H   0  0  0  0  0  0  0  0  0  0  0  0
    4.8528    5.2599    7.1256 H   0  0  0  0  0  0  0  0  0  0  0  0
    4.5000    6.9965    7.3316 H   0  0  0  0  0  0  0  0  0  0  0  0
    8.4526    5.6125    6.2230 H   0  0  0  0  0  0  0  0  0  0  0  0
    7.0734    4.5000    6.3113 H   0  0  0  0  0  0  0  0  0  0  0  0
    7.1887    5.6508    4.9660 H   0  0  0  0  0  0  0  0  0  0  0  0
    6.3840    6.8183    8.8045 H   0  0  0  0  0  0  0  0  0  0  0  0
  1  2  1  0  0  0  0
  1 12  1  0  0  0  0
  2  4  1  0  0  0  0
  2  3  1  0  0  0  0
  3 14  1  0  0  0  0
  3 16  1  0  0  0  0
  4  6  1  0  0  0  0
  4 17  1  1  0  0  0
  5  4  1  0  0  0  0
  6  9  1  0  0  0  0
  7  6  1  0  0  0  0
  7 20  1  0  0  0  0
  7 21  1  0  0  0  0
  8 22  1  0  0  0  0
  8 23  1  0  0  0  0
  8  6  1  0  0  0  0
  9 25  1  0  0  0  0
 10  1  1  0  0  0  0
 11  1  1  0  0  0  0
 13  2  1  0  0  0  0
 15  3  1  0  0  0  0
 18  5  1  0  0  0  0
 19  7  1  0  0  0  0
 24  8  1  0  0  0  0
M  END
