Lattice="15.01372998 0.0 0.0 0.0 13.566866000000001 0.0 0.0 0.0 14.58818404" Properties=species:S:1:pos:R:3:GW_charged:R:1:dKS_charged:R:1:dKS_neutral:R:1 pbc="T T T"
 OpenBabel02042512123D
Lattice="15.01372998 0.0 0.0 0.0 13.566866000000001 0.0 0.0 0.0 14.58818404" Properties=species:S:1:pos:R:3:GW_charged:R:1:dKS_charged:R:1:dKS_neutral:R:1 pbc="T T T"
 25 25  0  0  1  0  0  0  0  0999 V2000
    9.0423    8.4891    7.5059 C   0  0  0  0  0  0  0  0  0  0  0  0
    8.8583    6.9874    7.7165 C   0  0  1  0  0  0  0  0  0  0  0  0
    9.6112    6.5448    8.8624 O   0  0  0  0  0  0  0  0  0  0  0  0
    7.3892    6.5075    7.9171 C   0  0  0  0  0  0  0  0  0  0  0  0
    7.4069    4.9717    8.0191 C   0  0  0  0  0  0  0  0  0  0  0  0
    6.7828    7.0801    9.2121 C   0  0  0  0  0  0  0  0  0  0  0  0
    6.5515    7.0134    6.7354 C   0  0  0  0  0  0  0  0  0  0  0  0
    6.6498    6.4621    5.3328 C   0  0  0  0  0  0  0  0  0  0  0  0
    5.3891    6.2586    6.1396 C   0  0  0  0  0  0  0  0  0  0  0  0
   10.1117    8.7221    7.3899 H   0  0  0  0  0  0  0  0  0  0  0  0
    8.5388    8.8328    6.5933 H   0  0  0  0  0  0  0  0  0  0  0  0
    8.6641    9.0669    8.3595 H   0  0  0  0  0  0  0  0  0  0  0  0
    9.2343    6.4649    6.8151 H   0  0  0  0  0  0  0  0  0  0  0  0
   10.5137    6.8844    8.7704 H   0  0  0  0  0  0  0  0  0  0  0  0
    8.0674    4.6613    8.8364 H   0  0  0  0  0  0  0  0  0  0  0  0
    6.4042    4.5757    8.2259 H   0  0  0  0  0  0  0  0  0  0  0  0
    7.7799    4.5000    7.0984 H   0  0  0  0  0  0  0  0  0  0  0  0
    6.7242    8.1772    9.1874 H   0  0  0  0  0  0  0  0  0  0  0  0
    5.7600    6.7006    9.3416 H   0  0  0  0  0  0  0  0  0  0  0  0
    7.3757    6.7905   10.0882 H   0  0  0  0  0  0  0  0  0  0  0  0
    6.3888    8.0926    6.7769 H   0  0  0  0  0  0  0  0  0  0  0  0
    6.6335    7.1637    4.5000 H   0  0  0  0  0  0  0  0  0  0  0  0
    7.2769    5.5877    5.1624 H   0  0  0  0  0  0  0  0  0  0  0  0
    5.1815    5.2509    6.4947 H   0  0  0  0  0  0  0  0  0  0  0  0
    4.5000    6.8252    5.8676 H   0  0  0  0  0  0  0  0  0  0  0  0
  1  2  1  0  0  0  0
  1 12  1  0  0  0  0
  2 13  1  6  0  0  0
  2  4  1  0  0  0  0
  2  3  1  0  0  0  0
  4  5  1  0  0  0  0
  4  6  1  0  0  0  0
  5 16  1  0  0  0  0
  5 15  1  0  0  0  0
  6 19  1  0  0  0  0
  6 20  1  0  0  0  0
  7 21  1  0  0  0  0
  7  4  1  0  0  0  0
  8  9  1  0  0  0  0
  8  7  1  0  0  0  0
  9 24  1  0  0  0  0
  9  7  1  0  0  0  0
 10  1  1  0  0  0  0
 11  1  1  0  0  0  0
 14  3  1  0  0  0  0
 17  5  1  0  0  0  0
 18  6  1  0  0  0  0
 22  8  1  0  0  0  0
 23  8  1  0  0  0  0
 25  9  1  0  0  0  0
M  END
