Lattice="12.87585097 0.0 0.0 0.0 13.552246910000001 0.0 0.0 0.0 15.87175594" Properties=species:S:1:pos:R:3:GW_charged:R:1:dKS_charged:R:1:dKS_neutral:R:1 pbc="T T T"
 OpenBabel02042512123D
Lattice="12.87585097 0.0 0.0 0.0 13.552246910000001 0.0 0.0 0.0 15.87175594" Properties=species:S:1:pos:R:3:GW_charged:R:1:dKS_charged:R:1:dKS_neutral:R:1 pbc="T T T"
 25 25  0  0  1  0  0  0  0  0999 V2000
    5.5643    8.6325    6.6820 C   0  0  0  0  0  0  0  0  0  0  0  0
    5.5901    7.0968    6.6672 C   0  0  0  0  0  0  0  0  0  0  0  0
    6.0876    6.5978    5.3031 C   0  0  0  0  0  0  0  0  0  0  0  0
    6.3515    6.4791    7.8933 C   0  0  0  0  0  0  0  0  0  0  0  0
    6.3157    4.9385    7.8191 C   0  0  0  0  0  0  0  0  0  0  0  0
    7.8099    6.9578    7.9712 C   0  0  0  0  0  0  0  0  0  0  0  0
    5.5697    6.8485    9.1572 C   0  0  1  0  0  0  0  0  0  0  0  0
    6.1335    6.8844   10.5151 C   0  0  0  0  0  0  0  0  0  0  0  0
    5.8107    8.1036    9.8233 O   0  0  0  0  0  0  0  0  0  0  0  0
    6.5638    9.0522    6.4984 H   0  0  0  0  0  0  0  0  0  0  0  0
    4.9046    9.0060    5.8865 H   0  0  0  0  0  0  0  0  0  0  0  0
    5.2059    9.0365    7.6362 H   0  0  0  0  0  0  0  0  0  0  0  0
    4.5456    6.7501    6.7733 H   0  0  0  0  0  0  0  0  0  0  0  0
    7.1354    6.8785    5.1218 H   0  0  0  0  0  0  0  0  0  0  0  0
    6.0061    5.5092    5.1933 H   0  0  0  0  0  0  0  0  0  0  0  0
    5.4911    7.0523    4.5000 H   0  0  0  0  0  0  0  0  0  0  0  0
    6.9267    4.5616    6.9892 H   0  0  0  0  0  0  0  0  0  0  0  0
    6.7101    4.5000    8.7463 H   0  0  0  0  0  0  0  0  0  0  0  0
    5.2908    4.5635    7.6788 H   0  0  0  0  0  0  0  0  0  0  0  0
    7.8756    8.0183    8.2428 H   0  0  0  0  0  0  0  0  0  0  0  0
    8.3759    6.3827    8.7167 H   0  0  0  0  0  0  0  0  0  0  0  0
    8.3176    6.8161    7.0085 H   0  0  0  0  0  0  0  0  0  0  0  0
    4.5000    6.6072    9.0846 H   0  0  0  0  0  0  0  0  0  0  0  0
    5.4942    6.6510   11.3718 H   0  0  0  0  0  0  0  0  0  0  0  0
    7.2019    6.7104   10.6687 H   0  0  0  0  0  0  0  0  0  0  0  0
  1 12  1  0  0  0  0
  2  1  1  0  0  0  0
  2 13  1  0  0  0  0
  2  4  1  0  0  0  0
  3  2  1  0  0  0  0
  4  6  1  0  0  0  0
  4  7  1  0  0  0  0
  5  4  1  0  0  0  0
  5 18  1  0  0  0  0
  6 20  1  0  0  0  0
  6 21  1  0  0  0  0
  7 23  1  6  0  0  0
  7  9  1  0  0  0  0
  7  8  1  0  0  0  0
  8 25  1  0  0  0  0
  8 24  1  0  0  0  0
  9  8  1  0  0  0  0
 10  1  1  0  0  0  0
 11  1  1  0  0  0  0
 14  3  1  0  0  0  0
 15  3  1  0  0  0  0
 16  3  1  0  0  0  0
 17  5  1  0  0  0  0
 19  5  1  0  0  0  0
 22  6  1  0  0  0  0
M  END
