Lattice="13.519752050000001 0.0 0.0 0.0 14.87634572 0.0 0.0 0.0 13.14322946" Properties=species:S:1:pos:R:3:GW_charged:R:1:dKS_charged:R:1:dKS_neutral:R:1 pbc="T T T"
 OpenBabel02042512123D
Lattice="13.519752050000001 0.0 0.0 0.0 14.87634572 0.0 0.0 0.0 13.14322946" Properties=species:S:1:pos:R:3:GW_charged:R:1:dKS_charged:R:1:dKS_neutral:R:1 pbc="T T T"
 25 24  0  0  1  0  0  0  0  0999 V2000
    8.0017    9.9320    6.7666 C   0  0  0  0  0  0  0  0  0  0  0  0
    8.0058    8.4064    6.7252 C   0  0  1  0  0  0  0  0  0  0  0  0
    8.7288    7.9823    7.8828 O   0  0  0  0  0  0  0  0  0  0  0  0
    6.5841    7.7888    6.6459 C   0  0  1  0  0  0  0  0  0  0  0  0
    5.8159    8.3580    5.4423 C   0  0  0  0  0  0  0  0  0  0  0  0
    6.5774    6.2222    6.6682 C   0  0  0  0  0  0  0  0  0  0  0  0
    5.1512    5.6593    6.6202 C   0  0  0  0  0  0  0  0  0  0  0  0
    7.4355    5.5934    5.5700 C   0  0  0  0  0  0  0  0  0  0  0  0
    7.1886    5.7547    7.9148 O   0  0  0  0  0  0  0  0  0  0  0  0
    9.0198   10.2766    6.9873 H   0  0  0  0  0  0  0  0  0  0  0  0
    7.6921   10.3763    5.8129 H   0  0  0  0  0  0  0  0  0  0  0  0
    7.3406   10.3008    7.5643 H   0  0  0  0  0  0  0  0  0  0  0  0
    8.5562    8.0946    5.8125 H   0  0  0  0  0  0  0  0  0  0  0  0
    8.4665    7.0536    8.0530 H   0  0  0  0  0  0  0  0  0  0  0  0
    6.0527    8.1027    7.5654 H   0  0  0  0  0  0  0  0  0  0  0  0
    6.3554    8.1837    4.5000 H   0  0  0  0  0  0  0  0  0  0  0  0
    4.8179    7.9160    5.3433 H   0  0  0  0  0  0  0  0  0  0  0  0
    5.6770    9.4403    5.5446 H   0  0  0  0  0  0  0  0  0  0  0  0
    4.6906    5.7748    5.6316 H   0  0  0  0  0  0  0  0  0  0  0  0
    5.1807    4.5873    6.8544 H   0  0  0  0  0  0  0  0  0  0  0  0
    4.5000    6.1579    7.3548 H   0  0  0  0  0  0  0  0  0  0  0  0
    8.4927    5.8601    5.6880 H   0  0  0  0  0  0  0  0  0  0  0  0
    7.3559    4.5000    5.6171 H   0  0  0  0  0  0  0  0  0  0  0  0
    7.1051    5.9200    4.5762 H   0  0  0  0  0  0  0  0  0  0  0  0
    6.5987    6.0116    8.6432 H   0  0  0  0  0  0  0  0  0  0  0  0
  1 10  1  0  0  0  0
  1 12  1  0  0  0  0
  2 13  1  6  0  0  0
  2  1  1  0  0  0  0
  2  3  1  0  0  0  0
  3 14  1  0  0  0  0
  4  6  1  0  0  0  0
  4  2  1  0  0  0  0
  4 15  1  1  0  0  0
  5 18  1  0  0  0  0
  5  4  1  0  0  0  0
  6  9  1  0  0  0  0
  7  6  1  0  0  0  0
  7 20  1  0  0  0  0
  7 21  1  0  0  0  0
  8 23  1  0  0  0  0
  8 22  1  0  0  0  0
  8  6  1  0  0  0  0
  9 25  1  0  0  0  0
 11  1  1  0  0  0  0
 16  5  1  0  0  0  0
 17  5  1  0  0  0  0
 19  7  1  0  0  0  0
 24  8  1  0  0  0  0
M  END
