Lattice="12.923601380000001 0.0 0.0 0.0 13.58217537 0.0 0.0 0.0 15.89804763" Properties=species:S:1:pos:R:3:GW_charged:R:1:dKS_charged:R:1:dKS_neutral:R:1 pbc="T T T"
 OpenBabel02042512123D
Lattice="12.923601380000001 0.0 0.0 0.0 13.58217537 0.0 0.0 0.0 15.89804763" Properties=species:S:1:pos:R:3:GW_charged:R:1:dKS_charged:R:1:dKS_neutral:R:1 pbc="T T T"
 25 25  0  0  1  0  0  0  0  0999 V2000
    5.9877    8.5461    6.6419 C   0  0  0  0  0  0  0  0  0  0  0  0
    6.1977    7.0251    6.6735 C   0  0  0  0  0  0  0  0  0  0  0  0
    6.7477    6.5552    5.3200 C   0  0  0  0  0  0  0  0  0  0  0  0
    7.0815    6.5521    7.8815 C   0  0  1  0  0  0  0  0  0  0  0  0
    7.2799    5.0364    7.8454 C   0  0  0  0  0  0  0  0  0  0  0  0
    8.4236    7.0881    7.7701 O   0  0  0  0  0  0  0  0  0  0  0  0
    6.4656    7.0462    9.1920 C   0  0  0  0  0  0  0  0  0  0  0  0
    5.2863    6.3831    9.8607 C   0  0  0  0  0  0  0  0  0  0  0  0
    6.6406    6.3722   10.5284 C   0  0  0  0  0  0  0  0  0  0  0  0
    6.9441    9.0822    6.5387 H   0  0  0  0  0  0  0  0  0  0  0  0
    5.3747    8.8236    5.7739 H   0  0  0  0  0  0  0  0  0  0  0  0
    5.4742    8.9246    7.5346 H   0  0  0  0  0  0  0  0  0  0  0  0
    5.2101    6.5574    6.8289 H   0  0  0  0  0  0  0  0  0  0  0  0
    7.7838    6.8949    5.1830 H   0  0  0  0  0  0  0  0  0  0  0  0
    6.7324    5.4635    5.2142 H   0  0  0  0  0  0  0  0  0  0  0  0
    6.1453    6.9699    4.5000 H   0  0  0  0  0  0  0  0  0  0  0  0
    7.8730    4.7629    6.9664 H   0  0  0  0  0  0  0  0  0  0  0  0
    7.8339    4.6966    8.7278 H   0  0  0  0  0  0  0  0  0  0  0  0
    6.3235    4.5000    7.7950 H   0  0  0  0  0  0  0  0  0  0  0  0
    8.3948    8.0185    8.0426 H   0  0  0  0  0  0  0  0  0  0  0  0
    6.4516    8.1373    9.2512 H   0  0  0  0  0  0  0  0  0  0  0  0
    4.5000    7.0154   10.2705 H   0  0  0  0  0  0  0  0  0  0  0  0
    4.9274    5.4422    9.4453 H   0  0  0  0  0  0  0  0  0  0  0  0
    7.1739    5.4249   10.5747 H   0  0  0  0  0  0  0  0  0  0  0  0
    6.7948    7.0091   11.3980 H   0  0  0  0  0  0  0  0  0  0  0  0
  1  2  1  0  0  0  0
  1 12  1  0  0  0  0
  2 13  1  0  0  0  0
  2  4  1  0  0  0  0
  3  2  1  0  0  0  0
  4  6  1  6  0  0  0
  4  7  1  0  0  0  0
  5  4  1  0  0  0  0
  5 18  1  0  0  0  0
  6 20  1  0  0  0  0
  7 21  1  0  0  0  0
  7  8  1  0  0  0  0
  7  9  1  0  0  0  0
  8 22  1  0  0  0  0
  8  9  1  0  0  0  0
  9 24  1  0  0  0  0
  9 25  1  0  0  0  0
 10  1  1  0  0  0  0
 11  1  1  0  0  0  0
 14  3  1  0  0  0  0
 15  3  1  0  0  0  0
 16  3  1  0  0  0  0
 17  5  1  0  0  0  0
 19  5  1  0  0  0  0
 23  8  1  0  0  0  0
M  END
