Lattice="14.376334589999999 0.0 0.0 0.0 14.7230299 0.0 0.0 0.0 14.00621418" Properties=species:S:1:pos:R:3:GW_charged:R:1:dKS_charged:R:1:dKS_neutral:R:1 pbc="T T T"
 OpenBabel02042512123D
Lattice="14.376334589999999 0.0 0.0 0.0 14.7230299 0.0 0.0 0.0 14.00621418" Properties=species:S:1:pos:R:3:GW_charged:R:1:dKS_charged:R:1:dKS_neutral:R:1 pbc="T T T"
 25 24  0  0  1  0  0  0  0  0999 V2000
    8.7756    9.7062    7.4493 C   0  0  0  0  0  0  0  0  0  0  0  0
    8.4497    8.2076    7.3626 C   0  0  0  0  0  0  0  0  0  0  0  0
    8.8494    7.5231    8.6782 C   0  0  0  0  0  0  0  0  0  0  0  0
    6.9652    7.9628    6.9809 C   0  0  1  0  0  0  0  0  0  0  0  0
    6.5949    8.6225    5.6470 C   0  0  0  0  0  0  0  0  0  0  0  0
    6.5906    6.4454    6.9910 C   0  0  1  0  0  0  0  0  0  0  0  0
    5.0827    6.1879    6.7966 C   0  0  0  0  0  0  0  0  0  0  0  0
    7.3775    5.6814    6.0253 C   0  0  0  0  0  0  0  0  0  0  0  0
    8.0244    5.0581    5.2123 C   0  0  0  0  0  0  0  0  0  0  0  0
    9.8175    9.8545    7.7648 H   0  0  0  0  0  0  0  0  0  0  0  0
    8.6499   10.2230    6.4902 H   0  0  0  0  0  0  0  0  0  0  0  0
    8.1330   10.2090    8.1893 H   0  0  0  0  0  0  0  0  0  0  0  0
    9.0664    7.7722    6.5569 H   0  0  0  0  0  0  0  0  0  0  0  0
    8.1931    7.8351    9.5062 H   0  0  0  0  0  0  0  0  0  0  0  0
    8.8193    6.4281    8.6133 H   0  0  0  0  0  0  0  0  0  0  0  0
    9.8763    7.7988    8.9547 H   0  0  0  0  0  0  0  0  0  0  0  0
    6.3454    8.4175    7.7764 H   0  0  0  0  0  0  0  0  0  0  0  0
    7.2137    8.2260    4.8292 H   0  0  0  0  0  0  0  0  0  0  0  0
    5.5440    8.4457    5.3859 H   0  0  0  0  0  0  0  0  0  0  0  0
    6.7349    9.7090    5.6825 H   0  0  0  0  0  0  0  0  0  0  0  0
    6.8474    6.0613    7.9913 H   0  0  0  0  0  0  0  0  0  0  0  0
    4.8513    5.1303    6.9736 H   0  0  0  0  0  0  0  0  0  0  0  0
    4.5000    6.7925    7.5056 H   0  0  0  0  0  0  0  0  0  0  0  0
    4.7549    6.4325    5.7793 H   0  0  0  0  0  0  0  0  0  0  0  0
    8.5941    4.5000    4.5000 H   0  0  0  0  0  0  0  0  0  0  0  0
  1 10  1  0  0  0  0
  1 12  1  0  0  0  0
  2  1  1  0  0  0  0
  2  3  1  0  0  0  0
  3 16  1  0  0  0  0
  3 14  1  0  0  0  0
  4  6  1  0  0  0  0
  4  2  1  0  0  0  0
  4 17  1  1  0  0  0
  5 20  1  0  0  0  0
  5  4  1  0  0  0  0
  6 21  1  1  0  0  0
  7 22  1  0  0  0  0
  7  6  1  0  0  0  0
  7 23  1  0  0  0  0
  8  6  1  0  0  0  0
  9  8  3  0  0  0  0
 11  1  1  0  0  0  0
 13  2  1  0  0  0  0
 15  3  1  0  0  0  0
 18  5  1  0  0  0  0
 19  5  1  0  0  0  0
 24  7  1  0  0  0  0
 25  9  1  0  0  0  0
M  END
