Lattice="13.74554107 0.0 0.0 0.0 14.93606625 0.0 0.0 0.0 13.31215531" Properties=species:S:1:pos:R:3:GW_charged:R:1:dKS_charged:R:1:dKS_neutral:R:1 pbc="T T T"
 OpenBabel02042512123D
Lattice="13.74554107 0.0 0.0 0.0 14.93606625 0.0 0.0 0.0 13.31215531" Properties=species:S:1:pos:R:3:GW_charged:R:1:dKS_charged:R:1:dKS_neutral:R:1 pbc="T T T"
 25 24  0  0  1  0  0  0  0  0999 V2000
    8.1762    9.8776    6.5773 C   0  0  0  0  0  0  0  0  0  0  0  0
    7.9822    8.3682    6.7124 C   0  0  1  0  0  0  0  0  0  0  0  0
    8.6527    7.8848    7.8909 O   0  0  0  0  0  0  0  0  0  0  0  0
    6.4991    7.8673    6.6528 C   0  0  0  0  0  0  0  0  0  0  0  0
    5.7310    8.2946    7.9159 C   0  0  0  0  0  0  0  0  0  0  0  0
    5.8026    8.4467    5.4090 C   0  0  0  0  0  0  0  0  0  0  0  0
    6.5615    6.3040    6.5728 C   0  0  1  0  0  0  0  0  0  0  0  0
    5.2242    5.5805    6.7226 C   0  0  0  0  0  0  0  0  0  0  0  0
    7.2320    5.8657    5.3768 O   0  0  0  0  0  0  0  0  0  0  0  0
    9.2455   10.1099    6.6587 H   0  0  0  0  0  0  0  0  0  0  0  0
    7.8239   10.2555    5.6093 H   0  0  0  0  0  0  0  0  0  0  0  0
    7.6484   10.4361    7.3661 H   0  0  0  0  0  0  0  0  0  0  0  0
    8.5091    7.8697    5.8857 H   0  0  0  0  0  0  0  0  0  0  0  0
    8.3641    8.4278    8.6416 H   0  0  0  0  0  0  0  0  0  0  0  0
    5.8254    9.3753    8.0942 H   0  0  0  0  0  0  0  0  0  0  0  0
    4.6582    8.0831    7.8204 H   0  0  0  0  0  0  0  0  0  0  0  0
    6.0918    7.7696    8.8122 H   0  0  0  0  0  0  0  0  0  0  0  0
    6.4058    8.3091    4.5000 H   0  0  0  0  0  0  0  0  0  0  0  0
    4.8243    7.9736    5.2424 H   0  0  0  0  0  0  0  0  0  0  0  0
    5.6176    9.5228    5.5210 H   0  0  0  0  0  0  0  0  0  0  0  0
    7.2300    5.9806    7.3840 H   0  0  0  0  0  0  0  0  0  0  0  0
    4.5000    5.8828    5.9500 H   0  0  0  0  0  0  0  0  0  0  0  0
    5.3888    4.5000    6.6249 H   0  0  0  0  0  0  0  0  0  0  0  0
    4.7624    5.7620    7.7012 H   0  0  0  0  0  0  0  0  0  0  0  0
    6.6087    5.9501    4.6379 H   0  0  0  0  0  0  0  0  0  0  0  0
  1 10  1  0  0  0  0
  1  2  1  0  0  0  0
  1 12  1  0  0  0  0
  2 13  1  6  0  0  0
  2  3  1  0  0  0  0
  3 14  1  0  0  0  0
  4  2  1  0  0  0  0
  4  5  1  0  0  0  0
  5 15  1  0  0  0  0
  5 17  1  0  0  0  0
  6 20  1  0  0  0  0
  6  4  1  0  0  0  0
  7  4  1  0  0  0  0
  7  8  1  0  0  0  0
  7 21  1  1  0  0  0
  8 24  1  0  0  0  0
  9  7  1  0  0  0  0
 11  1  1  0  0  0  0
 16  5  1  0  0  0  0
 18  6  1  0  0  0  0
 19  6  1  0  0  0  0
 22  8  1  0  0  0  0
 23  8  1  0  0  0  0
 25  9  1  0  0  0  0
M  END
